318
480
105
578
798
777
829
438
220
397
665
528
784
468
801
296
827
184
415
867
769
136
856
848
827
869
784
981
176
697
555
215
968
313
721
499
525
874
260
615
101
384
293
473
981
827
168
560
300
897
826
856
757
845
383
290
327
253
949
774
313
338
660
733
446
861
904
633
708
227
578
253
231
270
156
377
832
510
121
582
627
847
769
861
393
423
123
700
800
812
923
590
807
164
848
545
543
271
191
374
955
347
725
979
573
986
685
448
187
215
635
329
785
404
147
839
261
751
808
470
300
601
708
286
459
613
339
726
116
337
499
360
863
209
568
647
183
781
994
834